0 : [0]
24 : [0, 98, 51, 1]
15 : [0, 2]
32 : [0, 67, 53, 19, 3]
28 : [0, 2, 4]
21 : [0, 67, 88, 5]
37 : [0, 7, 97, 79, 6]
8 : [0, 7]
37 : [0, 28, 8]
23 : [0, 7, 97, 9]
31 : [0, 67, 35, 33, 10]
33 : [0, 7, 97, 11]
33 : [0, 7, 97, 9, 12]
26 : [0, 67, 35, 13]
30 : [0, 98, 51, 1, 14]
16 : [0, 16, 15]
8 : [0, 16]
28 : [0, 98, 51, 17]
26 : [0, 67, 75, 18]
26 : [0, 67, 53, 19]
23 : [0, 98, 51, 20]
27 : [0, 91, 21]
27 : [0, 67, 53, 22]
38 : [0, 67, 53, 22, 23]
29 : [0, 16, 24]
27 : [0, 67, 88, 5, 25]
29 : [0, 41, 26]
21 : [0, 27]
18 : [0, 28]
30 : [0, 98, 51, 20, 29]
16 : [0, 98, 30]
35 : [0, 16, 24, 31]
33 : [0, 98, 51, 17, 32]
24 : [0, 67, 35, 33]
24 : [0, 67, 88, 34]
15 : [0, 67, 35]
15 : [0, 98, 36]
23 : [0, 98, 36, 37]
26 : [0, 67, 53, 71, 38]
36 : [0, 7, 97, 9, 39]
31 : [0, 98, 30, 40]
13 : [0, 41]
40 : [0, 98, 51, 1, 42]
21 : [0, 67, 35, 43]
19 : [0, 41, 44]
36 : [0, 91, 21, 45]
30 : [0, 98, 36, 37, 46]
16 : [0, 47]
42 : [0, 7, 90, 48]
30 : [0, 2, 86, 49]
25 : [0, 7, 90, 50]
18 : [0, 98, 51]
15 : [0, 67, 52]
14 : [0, 67, 53]
25 : [0, 7, 89, 54]
28 : [0, 27, 55]
39 : [0, 98, 51, 1, 14, 56]
26 : [0, 92, 57]
41 : [0, 67, 53, 71, 38, 58]
34 : [0, 67, 53, 19, 59]
30 : [0, 98, 36, 60]
40 : [0, 7, 97, 9, 61]
29 : [0, 16, 15, 62]
37 : [0, 66, 63]
38 : [0, 7, 97, 64]
18 : [0, 65]
18 : [0, 66]
6 : [0, 67]
27 : [0, 67, 53, 68]
33 : [0, 67, 35, 70, 69]
28 : [0, 67, 35, 70]
19 : [0, 67, 53, 71]
30 : [0, 7, 72]
22 : [0, 7, 97, 73]
32 : [0, 67, 88, 34, 74]
15 : [0, 67, 75]
23 : [0, 67, 76]
25 : [0, 7, 77]
31 : [0, 67, 53, 71, 78]
32 : [0, 7, 97, 79]
33 : [0, 65, 80]
21 : [0, 7, 81]
36 : [0, 27, 82]
24 : [0, 7, 89, 83]
27 : [0, 67, 52, 84]
40 : [0, 67, 53, 71, 85]
25 : [0, 2, 86]
33 : [0, 7, 97, 87]
13 : [0, 67, 88]
16 : [0, 7, 89]
15 : [0, 7, 90]
17 : [0, 91]
20 : [0, 92]
20 : [0, 7, 90, 93]
56 : [0, 67, 53, 71, 38, 58, 94]
35 : [0, 7, 89, 83, 95]
31 : [0, 65, 96]
17 : [0, 7, 97]
8 : [0, 98]
31 : [0, 67, 53, 71, 99]
