0 : [0]
22 : [0, 38, 6, 1]
9 : [0, 2]
25 : [0, 36, 3]
36 : [0, 2, 47, 42, 4]
19 : [0, 38, 5]
14 : [0, 38, 6]
13 : [0, 16, 7]
20 : [0, 38, 8]
26 : [0, 2, 47, 42, 9]
35 : [0, 38, 25, 34, 11, 10]
27 : [0, 38, 25, 34, 11]
18 : [0, 38, 25, 12]
13 : [0, 38, 13]
33 : [0, 38, 8, 14]
21 : [0, 16, 7, 15]
6 : [0, 16]
25 : [0, 38, 8, 17]
30 : [0, 38, 25, 12, 18]
26 : [0, 16, 7, 19]
26 : [0, 30, 20]
21 : [0, 21]
26 : [0, 22]
21 : [0, 38, 23]
21 : [0, 38, 6, 24]
11 : [0, 38, 25]
33 : [0, 49, 26]
28 : [0, 38, 6, 27]
15 : [0, 28]
19 : [0, 36, 29]
18 : [0, 30]
34 : [0, 36, 31]
22 : [0, 38, 25, 34, 32]
28 : [0, 28, 33]
16 : [0, 38, 25, 34]
27 : [0, 38, 25, 12, 35]
13 : [0, 36]
32 : [0, 38, 37]
6 : [0, 38]
32 : [0, 38, 39]
28 : [0, 2, 47, 40]
30 : [0, 38, 6, 45, 41]
19 : [0, 2, 47, 42]
28 : [0, 38, 6, 24, 43]
21 : [0, 38, 13, 44]
22 : [0, 38, 6, 45]
17 : [0, 2, 46]
14 : [0, 2, 47]
23 : [0, 2, 48]
25 : [0, 49]
